   135  347  906  931  942  927  918  897  907  922  938  926  900  1067  1373  1229  1216  1274  1173  1126  950  940  960  982  1053  974  1049  1134  1214  1124  1042  1195  1213  1172  1055  1120  1191  1193  1092  1104  1155  1116  1057  976  1053  1017  1045  985  957  1029  1020  1014  983  950  998  1015  1036  970  949  1015  979  1015  958  929  1021  989  1000  952  942  985  1002  988  950  928  967  1044  1012  943  930  971  982  980  951  929  969  963  988  956  921  964  950  960  980  939  973  945  980  965  944  939  947  961  979  944  946  956  941  964  955  947  971  957  1009  957  938  946  987  998  964  939  988  988  968  941  487  1256  893  906  915  904  895  910  918  929  917  901
    1    1
   34  34  34  34  34  34  34  34  35  34  34  34  35  34  34  34  34  34  35  34  34  34  34  34  34  34  34  34  33  34  34  35  34  34  34  34  35  34  34  34  35  34  34  34  34  34  34  34  34  34  34  34  34  34  34  34  34  34  34  34  34  34  35  34  34  34  34  34  34  34  34  34  34  35  34  34  34  34  35  35  35  34  34  34  34  34  34  34  34  34  34  34  34  34  34  35  34  34  34  34  34  34  34  34  34  34  35  34  34  34  34  34  34  34  34  35  34  34  34  35  34  34  34  41  34  34  34  35  34  34  33  34  34  34  34  34  6
   388  387  387  387  388  389  387  388  388  388  388  388  386  377  381  383  382  386  389  393  393  392  393  391  393  390  388  387  390  392  389  389  391  394  393  392  392  396  396  395  398  401  401  400  401  401  403  402  401  401  401  402  402  401  401  400  402  401  399  400  399  401  400  399  399  399  400  399  399  399  399  400  399  399  397  398  399  398  399  398  399  399  397  398  397  397  399  398  397  397  397  397  396  397  396  397  397  397  396  397  396  397  397  396  396  396  397  396  396  396  396  396  397  396  396  396  396  397  396  396  396  396  398  325  382  390  393  395  394  394  394  394  394  395  393  394  78
    2    2
   37  37  37  37  37  37  36  37  37  37  36  37  37  37  37  37  37  37  37  37  37  37  37  37  37  36  36  37  36  37  37  37  37  37  36  37  37  37  37  37  37  37  37  37  37  37  36  37  37  37  37  36  37  37  37  37  37  37  36  37  37  37  37  37  37  37  37  37  37  36  37  37  37  37  37  37  37  36  37  37  37  36  36  37  37  37  37  37  36  37  37  36  36  37  36  37  37  37  36  37  36  37  37  36  37  37  37  36  37  37  37  37  37  36  37  37  37  37  37  37  37  37  37  38  37  36  36  37  36  37  36  36  37  37  36  36  4
   386  386  386  386  387  387  386  388  387  387  387  387  386  376  380  383  380  385  389  392  394  393  393  391  392  390  388  386  389  391  389  389  391  393  393  392  392  395  395  395  397  400  400  400  401  400  401  401  401  400  400  401  400  400  400  399  400  400  399  399  398  400  400  398  398  398  399  399  399  398  397  399  398  398  397  396  398  397  398  398  397  397  396  397  397  396  397  396  397  397  396  396  395  397  396  396  396  396  396  396  395  396  396  395  395  395  395  395  395  395  395  394  396  395  395  396  395  396  395  396  395  395  396  323  383  389  392  394  393  394  393  394  393  393  393  393  78
    3    3
   36  36  36  36  36  36  35  36  37  36  35  36  37  37  36  36  36  37  37  36  36  36  37  36  36  36  36  37  35  36  37  37  36  36  36  36  37  36  36  36  37  36  36  36  36  36  36  36  37  36  36  36  36  36  36  36  36  36  36  37  37  36  37  36  36  36  36  36  36  36  36  36  36  37  37  36  36  35  37  37  37  35  35  37  36  36  36  36  36  37  36  35  35  37  36  37  36  36  36  37  36  36  36  36  36  36  37  35  36  36  37  36  36  36  36  37  36  36  36  37  36  36  36  37  36  36  36  36  35  36  36  37  37  36  36  36  5
   386  385  386  386  386  387  386  386  387  386  386  387  385  376  379  382  381  386  388  392  392  392  392  390  391  389  387  385  389  391  388  388  390  393  392  391  391  395  395  394  396  399  400  399  400  399  401  400  400  399  399  400  400  399  399  398  400  399  398  399  398  399  398  397  397  397  398  397  397  397  397  398  397  397  396  396  397  396  397  397  397  397  396  396  396  395  397  396  395  396  395  395  395  395  395  395  395  396  395  395  395  395  395  394  395  395  395  394  394  394  395  394  395  394  394  395  394  395  395  395  395  394  396  320  382  388  392  394  393  393  392  393  393  393  392  393  79
    4    4
   35  35  35  35  35  35  35  35  35  35  35  35  35  35  35  35  35  35  35  35  35  35  35  35  35  35  35  35  35  35  35  35  35  35  35  35  35  35  35  35  35  35  35  35  35  35  35  35  35  35  35  35  35  35  35  35  35  35  35  35  35  35  35  35  35  35  35  35  35  35  35  35  35  35  35  35  35  35  35  35  35  35  35  35  35  35  35  35  35  35  35  35  35  35  35  35  35  35  35  35  35  35  35  35  35  35  35  35  35  35  35  35  35  35  35  35  35  35  35  35  35  35  35  35  35  35  35  35  35  35  35  35  35  35  35  35  0
   386  385  386  386  386  387  386  386  387  386  386  387  385  377  380  383  382  386  389  392  392  392  392  390  392  389  387  385  389  391  388  388  390  393  392  391  392  395  395  395  397  400  400  399  400  399  401  401  400  399  400  400  400  399  400  398  400  399  398  399  398  399  399  397  398  398  399  398  398  397  397  399  397  397  396  396  398  396  397  397  397  397  396  396  396  395  397  396  395  396  395  396  395  396  395  395  396  396  395  395  395  395  395  394  395  395  395  395  394  394  395  394  395  394  394  395  394  395  395  395  395  395  396  318  383  389  391  394  393  393  392  393  393  393  392  393  80
    5    5
   35  35  35  35  35  35  35  36  36  35  35  36  36  36  35  35  35  36  36  36  36  36  36  35  36  35  35  36  35  36  36  36  35  36  35  35  36  35  35  35  36  36  36  35  35  35  35  35  36  35  35  35  35  35  35  35  36  35  35  35  35  35  36  35  35  35  35  35  35  35  35  36  35  36  35  35  35  35  36  36  36  35  35  36  35  35  36  36  35  36  35  35  35  36  35  36  35  36  35  35  35  35  35  35  35  35  36  35  35  35  36  35  36  35  35  36  35  35  36  36  35  35  36  33  35  35  35  36  35  35  35  35  36  35  35  35  5
   386  385  385  385  386  387  385  386  386  386  386  387  385  376  380  383  382  386  389  393  392  392  391  390  392  389  387  385  389  391  388  388  390  394  392  391  392  396  395  395  397  400  401  399  400  400  402  401  400  399  400  401  400  399  399  398  401  399  398  399  398  400  398  397  397  398  399  398  397  397  397  399  397  397  396  396  398  396  397  397  397  397  396  396  396  395  397  396  395  395  395  396  395  395  394  395  396  396  394  395  394  395  395  394  394  394  395  395  394  394  394  394  395  394  394  395  394  395  394  394  394  394  396  315  383  388  391  394  393  392  392  392  392  393  391  393  83
    6    6
   36  36  36  36  36  36  35  36  36  36  35  36  36  36  35  36  36  36  36  36  36  36  36  36  36  36  36  36  35  36  36  36  36  36  35  36  36  36  36  36  36  36  36  36  36  35  35  36  36  35  36  35  36  36  36  36  36  36  35  36  35  36  36  36  36  36  36  36  36  36  35  36  36  36  36  36  36  35  36  36  36  35  35  36  36  36  36  36  35  36  36  35  35  36  36  36  35  36  36  36  35  36  36  35  36  36  36  35  36  36  36  35  36  36  36  36  36  36  36  36  36  36  36  32  36  36  36  36  35  36  36  36  36  36  36  35  5
   385  384  384  384  384  385  384  385  385  385  385  385  384  376  379  382  381  385  387  391  391  391  390  388  390  388  386  384  387  389  387  387  389  392  391  390  390  394  394  393  395  399  399  398  399  398  400  400  399  398  399  400  399  398  399  397  399  398  397  398  397  398  398  396  397  397  398  397  397  396  396  397  396  396  395  395  396  395  396  396  395  396  395  395  395  394  396  395  394  395  394  394  394  394  393  394  394  395  394  394  393  394  394  393  393  393  393  393  393  393  393  392  394  393  393  394  393  394  393  393  393  393  394  311  381  387  390  392  391  391  391  391  391  391  390  391  85
    7    7
   37  36  36  36  37  37  36  37  37  36  36  37  37  37  36  37  36  37  37  37  37  36  37  36  37  36  36  37  36  37  37  37  37  37  36  36  37  37  37  36  37  37  37  36  37  36  36  37  37  36  37  36  37  36  36  36  37  36  36  36  36  37  37  36  36  37  37  37  37  36  36  37  37  37  36  36  37  36  37  37  37  36  36  37  36  36  37  37  36  37  36  36  36  37  36  37  37  37  36  36  36  37  37  36  36  36  37  36  37  36  37  36  37  36  36  37  36  37  37  37  36  36  37  31  36  36  36  37  36  36  36  36  37  37  36  36  6
   384  383  384  384  384  385  383  385  385  384  385  385  384  376  378  381  381  385  387  390  390  391  391  387  389  387  386  384  386  388  386  386  388  391  390  389  389  393  393  392  394  398  398  397  398  398  399  399  398  398  398  399  398  397  398  397  399  397  397  397  396  398  397  396  396  396  397  396  396  396  395  397  395  396  395  394  396  394  396  396  395  395  394  395  394  394  395  394  394  394  394  393  393  394  393  394  393  394  393  394  393  393  393  392  393  393  393  392  392  393  393  392  393  392  393  393  392  393  392  393  393  392  393  307  380  386  388  391  390  390  391  391  390  390  389  391  87
    8    8
   37  36  36  36  37  36  36  37  37  36  36  37  37  37  36  37  36  37  37  37  37  37  37  36  37  36  36  37  36  36  37  37  36  37  36  36  37  37  36  36  37  37  37  36  36  36  36  36  37  36  36  36  36  36  36  36  37  36  36  37  36  37  37  36  36  36  36  36  37  36  36  37  36  37  37  36  36  36  37  37  37  36  36  37  36  36  37  36  36  37  36  36  36  37  36  37  36  37  36  37  36  36  36  36  36  36  37  36  36  37  37  36  37  36  36  37  36  36  37  37  36  36  37  30  36  36  36  37  36  37  36  36  37  37  36  36  7
   383  383  383  383  383  384  383  384  384  383  384  384  383  375  378  381  380  385  386  390  390  390  390  387  389  387  385  383  386  388  386  386  387  390  390  389  389  392  392  392  394  397  398  397  398  397  399  399  398  397  398  398  398  397  397  396  398  397  396  397  396  397  396  395  395  395  396  395  395  395  394  396  395  395  394  393  395  394  395  394  394  394  393  394  393  393  394  393  393  393  393  393  392  393  392  393  393  393  392  393  392  392  392  392  392  392  392  391  392  392  392  391  392  391  391  392  391  392  392  392  392  391  393  306  379  385  388  390  389  389  389  390  389  390  388  390  87
    9    9
   31  31  30  30  31  30  30  31  31  30  30  31  31  31  30  31  31  31  31  31  31  31  31  30  31  30  30  31  30  32  31  31  30  31  30  30  31  31  31  31  31  31  31  30  31  30  30  31  31  30  31  30  31  31  31  30  31  31  30  31  30  31  31  30  30  31  30  31  31  30  30  31  31  31  31  30  30  30  31  31  31  30  30  31  30  30  31  31  30  31  31  30  30  31  30  31  30  31  30  31  30  31  31  30  31  30  31  30  31  31  31  30  31  30  30  31  30  30  31  31  31  30  31  40  31  30  30  31  30  30  30  30  31  31  30  30  9
   386  385  386  386  386  387  386  386  387  386  386  387  384  375  379  381  380  385  387  391  391  392  391  389  391  388  387  385  388  390  386  387  389  393  391  390  391  394  394  394  396  399  399  398  399  399  401  400  399  399  399  400  400  399  399  398  400  399  398  398  398  399  398  396  397  397  398  398  397  397  397  399  397  397  396  396  398  396  396  397  397  397  396  396  396  396  397  396  395  396  395  396  395  395  395  395  396  396  395  395  395  395  395  394  394  394  395  394  394  394  395  394  395  394  394  395  394  395  395  395  394  395  396  324  382  388  391  393  392  393  393  393  393  393  392  392  77
   10   10
   31  31  36  36  37  31  36  37  37  36  30  31  37  37  36  36  36  37  37  31  36  36  37  36  31  36  36  36  30  32  37  37  36  31  36  36  37  31  31  36  37  31  31  36  36  36  30  31  37  36  36  30  31  36  36  36  31  36  36  36  30  31  37  36  36  36  31  36  36  36  36  31  36  37  36  36  36  36  37  37  37  30  36  37  36  36  31  36  36  37  36  36  35  37  36  37  36  36  36  36  36  36  36  36  36  36  37  35  36  36  37  36  36  36  36  37  36  31  36  37  36  36  31  38  36  36  36  36  35  36  36  36  36  31  36  35  22
   386  385  385  385  386  387  385  386  387  386  386  386  384  375  378  381  380  385  387  391  391  391  391  389  390  388  386  384  388  390  387  387  389  392  391  390  390  394  394  393  395  398  399  398  399  398  400  400  399  398  399  399  399  398  398  397  399  398  397  398  397  398  398  396  397  397  398  397  397  396  396  398  397  397  395  395  397  396  396  396  396  396  395  396  395  395  396  395  395  395  395  395  394  395  394  395  395  395  394  395  394  394  394  394  394  394  394  394  394  394  394  393  395  394  394  394  394  395  394  394  394  394  395  322  381  388  391  393  392  392  392  392  392  392  391  392  77
   11   11
   36  37  36  36  37  36  36  37  37  36  36  37  37  37  36  37  37  37  37  36  37  36  37  36  36  36  36  37  35  37  37  37  36  36  36  37  37  36  37  37  37  36  36  36  37  36  36  37  37  36  37  36  37  37  37  36  36  37  36  37  37  36  37  36  36  37  36  37  37  36  36  36  37  37  37  36  36  36  37  37  37  36  36  37  36  36  36  37  36  37  37  36  36  37  36  37  36  37  36  37  36  36  36  36  36  36  37  36  37  37  37  36  37  36  36  37  36  36  37  37  37  36  36  36  37  36  36  36  36  37  36  36  37  36  36  36  5
   386  385  385  385  386  387  386  387  387  386  386  387  385  376  379  382  380  385  387  391  393  391  391  389  391  389  386  384  388  390  388  387  389  392  391  390  390  394  394  393  395  398  399  398  399  398  400  400  399  398  399  399  399  398  399  397  399  398  397  398  397  399  398  397  397  397  398  397  397  396  396  398  397  397  395  395  397  396  397  397  396  396  395  396  396  395  396  396  395  396  395  395  394  395  394  395  395  395  395  395  394  394  395  394  394  394  394  394  394  394  394  393  395  394  394  395  394  395  394  395  394  394  395  319  382  388  391  393  392  392  392  392  392  393  392  392  79
   12   12
   33  33  32  32  33  33  32  33  33  32  32  33  33  38  33  33  33  37  33  33  33  36  37  37  33  32  36  37  32  33  33  33  33  33  32  32  33  33  33  33  33  33  33  32  33  32  32  33  33  32  33  32  33  33  37  32  33  33  32  37  32  33  33  32  37  33  33  33  37  36  32  33  33  37  37  37  33  32  37  37  37  32  32  37  37  37  33  33  32  37  37  32  32  33  36  37  33  33  32  37  36  33  33  32  37  37  33  32  33  37  37  33  33  33  37  37  33  33  33  37  37  33  33  34  33  36  36  33  32  33  36  36  37  33  32  33  19
   386  385  385  385  385  387  385  386  386  386  386  387  384  375  379  382  380  385  388  392  391  391  391  389  391  388  386  384  388  390  387  387  389  393  391  390  391  394  394  394  396  399  400  398  399  399  401  400  399  399  399  400  399  398  399  398  400  399  397  398  398  399  398  397  397  397  398  397  397  396  396  398  397  397  395  395  397  396  396  396  396  397  395  396  395  395  397  396  395  395  395  395  395  395  394  395  395  396  394  395  394  395  395  394  394  394  394  394  394  394  394  393  395  394  394  394  394  395  394  394  394  394  396  315  382  388  391  393  392  392  392  392  392  393  391  392  83
   13   13
   33  33  32  32  33  33  32  33  33  32  32  33  33  33  33  33  33  33  33  33  33  36  36  33  33  33  36  36  32  33  33  33  33  33  32  33  33  33  33  33  33  33  33  32  33  32  33  33  33  32  33  33  33  33  33  33  33  33  32  33  32  33  33  32  36  33  33  33  36  36  32  33  33  37  36  32  33  32  33  37  33  32  32  33  36  36  33  33  32  36  36  32  32  33  36  37  33  33  32  36  36  33  33  32  36  36  33  32  33  36  36  32  33  32  36  37  33  33  33  33  36  33  33  31  33  36  36  33  32  36  35  36  33  33  33  33  14
   385  384  384  384  385  386  384  385  386  385  385  386  384  375  378  381  380  385  387  391  391  391  390  389  390  388  386  384  387  389  387  387  389  392  391  390  390  394  394  393  395  398  399  398  399  398  400  400  399  398  399  399  399  398  399  397  399  398  397  398  397  399  398  396  397  397  398  397  397  396  396  398  396  396  395  395  396  395  396  396  396  396  395  395  395  394  396  395  394  395  394  395  394  394  394  394  394  395  394  394  393  394  394  393  393  393  394  393  393  393  393  393  394  393  393  394  393  394  393  394  393  393  395  312  381  387  390  392  391  391  391  391  391  392  390  391  85
   14   14
   35  35  35  35  35  35  35  36  36  35  35  35  36  36  35  35  35  36  36  36  36  36  36  36  36  35  35  36  35  35  36  36  35  36  35  35  36  35  35  35  36  36  36  35  35  35  35  35  36  35  35  35  35  35  35  35  36  35  35  36  35  36  36  35  35  35  35  35  36  35  35  36  36  36  36  35  35  35  36  36  36  35  35  36  35  35  36  36  35  36  36  35  35  36  35  36  35  36  35  36  35  35  35  35  35  36  36  35  35  36  36  35  36  35  35  36  35  35  36  36  36  35  36  30  35  35  35  36  35  36  35  35  36  35  35  35  6
   384  383  383  384  384  385  383  384  385  384  384  385  383  375  377  381  380  384  386  390  390  391  390  387  389  387  385  383  386  388  386  386  387  391  390  389  389  392  393  392  394  397  398  397  398  397  399  399  398  397  398  398  398  397  398  396  398  397  396  397  396  397  397  396  396  396  397  396  396  395  395  397  395  396  394  394  395  394  395  395  395  395  394  395  394  393  395  394  393  394  393  393  393  394  393  393  393  394  393  393  393  393  393  392  393  392  393  392  392  392  393  391  393  392  392  393  392  393  392  393  392  392  393  308  380  386  389  391  390  391  390  391  390  390  389  390  86
   15   15
   36  36  36  36  36  36  35  36  37  36  35  36  36  36  35  36  36  36  36  36  36  36  36  36  36  36  36  36  35  36  36  37  35  36  35  36  36  36  36  36  36  36  36  36  36  36  35  36  36  36  36  35  36  36  36  36  36  36  36  36  35  36  36  36  36  36  36  36  36  36  36  36  36  37  36  36  35  35  37  37  37  35  35  36  36  36  36  36  36  37  36  35  35  36  36  37  35  36  36  36  36  36  35  36  36  36  36  35  36  36  36  36  36  36  36  37  36  36  36  37  36  36  36  29  36  36  36  36  35  36  36  36  36  36  36  35  7
   383  383  383  383  383  384  383  384  384  383  384  384  383  374  377  380  380  384  386  390  390  390  389  387  388  387  385  383  385  388  386  386  386  390  389  388  388  392  392  391  393  396  397  396  397  397  398  398  397  397  397  398  397  397  397  396  398  397  396  396  395  397  396  395  395  395  396  395  395  395  394  396  395  395  394  393  395  394  395  394  394  394  393  394  393  393  394  393  393  393  392  393  392  393  392  393  393  393  392  392  392  392  392  392  392  392  392  392  392  391  392  391  392  391  391  392  391  392  392  392  392  391  393  306  380  386  388  390  389  390  390  390  389  390  389  390  87
   16   16
   36  36  36  36  36  36  35  37  37  36  35  36  37  37  35  35  36  37  36  36  37  36  37  37  36  36  36  37  35  36  37  37  35  36  36  36  36  35  36  36  36  36  36  36  36  35  35  36  37  36  36  35  36  36  36  36  36  36  36  37  35  36  36  36  36  36  36  36  37  36  36  36  36  37  37  36  35  35  37  37  37  35  35  37  36  36  36  36  36  37  36  35  35  37  36  37  35  36  36  37  36  36  35  36  36  36  36  35  36  37  37  36  36  36  36  37  36  36  36  37  36  36  36  29  36  36  36  36  35  37  36  36  37  36  36  36  8
   383  382  382  383  383  383  382  383  384  383  383  383  382  374  377  380  379  384  386  389  389  389  389  386  388  386  384  382  385  387  385  385  386  389  388  387  387  391  391  391  393  396  396  396  396  396  398  397  397  396  397  397  397  396  396  395  397  396  395  396  395  396  396  394  394  394  395  395  395  394  393  395  394  394  393  392  394  393  394  394  393  393  392  393  393  392  393  393  392  392  392  392  391  392  391  392  392  392  391  392  391  391  391  391  391  391  391  391  391  391  391  390  392  391  391  392  390  392  391  391  391  390  392  305  379  385  387  389  388  389  389  389  388  389  388  389  87
   17   17
   0  0  0  0  0  0  0  0  0  0  0  0  0  0  0  0  0  0  0  0  0  0  0  0  0  0  0  0  0  0  0  0  0  0  0  0  0  0  0  0  0  0  0  0  0  0  0  0  0  0  0  0  0  0  0  0  0  0  0  0  0  0  0  0  0  0  0  0  0  0  0  0  0  0  0  0  0  0  0  0  0  0  0  0  0  0  0  0  0  0  0  0  0  0  0  0  0  0  0  0  0  0  0  0  0  0  0  0  0  0  0  0  0  0  0  0  0  0  0  0  0  0  0  0  0  0  0  0  0  0  0  0  0  0  0  0  0
   0  0  0  0  0  0  0  0  0  0  0  0  0  0  0  0  0  0  0  0  0  0  0  0  0  0  0  0  0  0  0  0  0  0  0  0  0  0  0  0  0  0  0  0  0  0  0  0  0  0  0  0  0  0  0  0  0  0  0  0  0  0  0  0  0  0  0  0  0  0  0  0  0  0  0  0  0  0  0  0  0  0  0  0  0  0  0  0  0  0  0  0  0  0  0  0  0  0  0  0  0  0  0  0  0  0  0  0  0  0  0  0  0  0  0  0  0  0  0  0  0  0  0  0  0  0  0  0  0  0  0  0  0  0  0  0  0
   18   18
   34  34  34  34  34  34  34  34  35  34  34  34  35  35  34  34  34  34  35  34  34  34  34  34  34  34  34  34  33  32  35  35  34  34  34  34  35  34  34  34  35  34  34  34  34  34  33  34  34  34  34  34  34  34  34  34  34  34  34  34  34  34  35  34  34  34  34  34  34  34  34  34  34  35  34  34  34  34  35  35  35  33  34  34  34  34  34  34  34  34  34  34  34  34  34  35  34  34  34  34  34  34  34  34  34  34  35  34  34  34  35  34  34  34  34  35  34  34  34  35  34  34  34  35  34  34  34  34  34  34  34  34  34  34  34  34  4
   385  385  385  385  385  386  385  386  386  385  386  386  384  374  377  380  379  384  386  390  390  390  390  388  390  387  385  384  387  389  386  386  388  391  390  389  389  393  393  392  394  397  398  397  398  397  399  399  398  398  398  399  398  397  398  397  399  398  397  398  397  398  397  396  396  396  397  397  396  396  396  397  396  396  395  395  396  395  396  396  396  396  395  395  395  395  396  395  394  395  394  395  394  394  394  395  395  395  394  394  394  394  394  393  393  394  394  393  393  393  394  393  394  393  393  394  393  394  394  394  393  394  395  321  380  387  390  392  391  391  391  392  392  392  391  391  78
   19   19
   33  35  35  35  36  32  35  36  36  35  35  36  36  35  35  33  35  35  36  33  36  35  35  35  32  35  35  35  32  33  36  36  35  33  35  35  36  33  33  35  36  33  33  35  35  35  32  33  36  35  36  32  35  35  35  35  33  35  35  35  35  33  36  35  35  35  32  35  35  35  35  33  36  36  35  35  35  35  36  36  36  35  35  36  35  35  33  36  35  36  35  35  35  36  35  36  35  36  35  35  35  35  35  35  35  35  36  35  36  35  36  35  36  35  35  36  35  35  36  36  35  35  36  32  35  35  35  36  35  35  35  35  35  35  35  34  10
   385  384  384  384  385  386  385  385  386  385  386  386  383  374  377  380  379  383  386  390  390  390  390  388  390  387  385  383  386  389  386  386  388  391  390  389  389  392  393  392  394  397  398  397  398  397  399  399  398  397  398  398  398  397  398  396  398  397  396  397  396  398  397  395  396  396  397  396  396  395  395  397  396  396  394  394  396  395  395  395  395  395  395  395  394  394  396  395  394  394  394  394  394  394  393  394  394  394  393  394  393  393  394  393  393  393  393  393  393  393  393  392  394  393  393  393  393  394  393  393  393  393  394  317  380  387  390  392  391  391  391  391  391  392  390  391  80
   20   20
   34  34  34  34  34  35  34  35  35  34  34  34  35  35  35  35  35  35  35  35  34  34  34  35  35  34  34  35  34  34  35  35  34  35  34  34  35  35  34  34  35  35  35  34  34  34  34  34  35  34  35  34  34  34  34  34  35  34  34  34  34  35  35  34  34  35  35  34  35  34  34  35  34  35  35  34  35  34  35  35  35  34  34  35  34  34  35  34  34  35  34  34  34  35  34  35  34  35  34  34  34  34  34  34  34  34  35  34  34  34  35  34  35  34  34  35  34  34  35  35  34  34  35  30  35  34  34  35  34  34  34  34  35  35  34  34  6
   384  383  383  384  384  385  384  384  385  384  384  385  383  374  377  380  379  383  385  389  389  389  389  387  389  387  385  383  386  388  386  385  387  390  390  388  389  392  392  392  394  397  398  397  398  397  398  398  397  397  397  398  398  397  397  396  398  397  396  397  396  397  397  395  396  396  396  396  396  395  395  396  395  395  394  394  395  394  395  395  395  395  394  394  394  393  395  394  393  394  393  393  393  393  393  393  393  394  393  393  392  393  393  392  392  392  393  392  392  392  392  392  393  392  392  393  392  393  393  393  392  392  394  313  380  386  389  391  390  391  390  391  391  391  389  390  83
   21   21
   33  33  33  33  33  33  32  33  33  33  33  33  33  34  33  33  33  33  34  34  33  33  34  33  33  33  33  33  33  33  33  34  33  33  33  33  33  33  33  33  34  34  33  33  33  33  33  33  33  33  33  33  33  33  33  33  34  33  33  33  33  33  33  33  33  33  33  33  33  33  33  34  33  34  33  33  33  32  34  34  34  33  32  33  33  33  34  33  33  34  33  33  32  33  33  34  33  33  33  33  33  33  33  32  33  33  33  33  33  33  34  33  33  33  33  34  33  33  33  34  33  33  34  29  33  33  33  33  33  33  33  33  33  33  33  33  5
   383  383  383  383  383  384  383  384  384  383  384  384  382  373  376  379  378  383  385  389  389  389  389  387  388  386  384  382  385  388  385  385  387  390  389  388  388  392  392  391  394  396  397  396  397  396  398  398  397  397  397  398  397  396  397  396  397  396  395  396  395  397  396  395  395  395  396  395  395  394  394  396  395  395  393  393  395  394  394  394  394  394  393  394  393  393  394  393  393  393  392  393  392  393  392  393  393  393  392  392  392  392  392  391  392  392  392  392  391  391  392  391  392  391  391  392  391  392  392  392  392  391  393  309  379  385  388  390  389  390  390  390  389  390  389  390  85
   22   22
   33  31  32  32  32  33  31  32  33  32  33  33  33  33  32  33  33  33  33  34  32  33  34  33  34  33  33  33  33  32  33  33  33  33  32  32  33  34  32  32  33  34  33  32  32  32  33  33  32  31  32  33  32  32  32  32  34  31  32  33  31  34  32  32  32  32  34  32  33  32  32  34  32  33  33  32  33  31  33  33  33  33  31  33  33  32  34  32  32  33  33  33  32  33  32  33  33  33  32  33  32  33  33  32  33  33  32  33  32  33  33  32  34  32  33  33  32  33  32  33  33  32  34  29  33  32  33  33  32  33  33  35  33  34  32  32  8
   382  381  382  382  382  383  382  383  383  382  382  383  381  373  376  379  378  382  384  388  388  389  389  385  387  385  383  381  384  386  384  384  385  389  388  387  387  390  391  390  392  395  396  395  396  395  397  397  396  396  396  397  396  395  396  395  396  395  394  395  394  396  395  394  394  394  395  394  394  393  393  395  393  394  392  392  394  392  393  393  393  393  392  393  392  392  393  392  392  392  391  392  391  392  391  391  391  392  391  391  391  391  391  390  391  391  391  390  390  390  391  390  391  390  390  391  390  391  391  391  390  390  392  306  378  384  387  389  388  389  389  389  388  388  388  389  86
   23   23
   32  31  32  32  31  32  31  32  37  32  31  32  32  32  32  32  32  32  32  32  32  36  36  36  32  36  36  36  31  32  36  32  32  32  31  31  32  32  31  31  32  32  32  31  31  31  31  31  32  31  31  31  31  31  32  31  32  31  36  36  31  32  32  36  36  31  32  31  36  36  31  32  31  37  36  31  32  31  36  37  32  31  31  36  36  36  32  32  36  36  36  31  31  36  36  37  31  32  36  36  35  32  31  35  36  36  32  31  31  36  36  31  32  31  36  37  31  32  31  36  36  31  32  29  31  36  36  32  31  36  35  36  36  32  36  33  22
   382  381  382  382  382  383  381  382  383  382  382  382  381  373  375  378  378  382  383  387  388  388  388  384  386  385  383  380  382  385  383  383  384  387  386  385  385  389  389  389  391  394  394  394  395  394  396  395  394  394  394  396  395  394  395  393  395  394  394  394  393  395  394  393  393  393  394  393  393  393  392  394  393  393  392  391  393  391  393  393  392  392  391  392  392  391  392  391  391  391  391  391  390  391  390  391  391  391  391  391  390  390  390  390  390  390  390  390  390  390  390  389  391  389  390  391  389  390  390  390  390  389  391  304  377  384  386  387  386  388  388  389  387  387  387  388  86
   24   24
   0  0  0  0  0  0  0  0  0  0  0  0  0  0  0  0  0  0  0  0  0  0  0  0  0  0  0  0  0  0  0  0  0  0  0  0  0  0  0  0  0  0  0  0  0  0  0  0  0  0  0  0  0  0  0  0  0  0  0  0  0  0  0  0  0  0  0  0  0  0  0  0  0  0  0  0  0  0  0  0  0  0  0  0  0  0  0  0  0  0  0  0  0  0  0  0  0  0  0  0  0  0  0  0  0  0  0  0  0  0  0  0  0  0  0  0  0  0  0  0  0  0  0  0  0  0  0  0  0  0  0  0  0  0  0  0  0
   0  0  0  0  0  0  0  0  0  0  0  0  0  0  0  0  0  0  0  0  0  0  0  0  0  0  0  0  0  0  0  0  0  0  0  0  0  0  0  0  0  0  0  0  0  0  0  0  0  0  0  0  0  0  0  0  0  0  0  0  0  0  0  0  0  0  0  0  0  0  0  0  0  0  0  0  0  0  0  0  0  0  0  0  0  0  0  0  0  0  0  0  0  0  0  0  0  0  0  0  0  0  0  0  0  0  0  0  0  0  0  0  0  0  0  0  0  0  0  0  0  0  0  0  0  0  0  0  0  0  0  0  0  0  0  0  0
   25   25
   32  31  31  31  32  31  31  32  32  31  31  32  32  31  31  31  31  31  32  32  32  31  31  31  31  31  31  31  31  32  32  32  31  32  31  31  32  31  31  31  32  32  32  31  31  31  31  32  32  31  32  31  31  31  31  31  32  31  31  31  31  31  32  31  31  31  31  31  31  31  31  32  32  32  31  31  31  31  32  32  32  31  31  32  31  31  32  32  31  32  31  31  31  32  31  32  31  32  31  31  31  31  31  31  31  31  32  31  31  31  32  31  32  31  31  32  31  31  32  32  31  31  32  38  31  31  31  32  31  31  31  31  31  32  31  31  7
   386  386  386  386  386  387  386  387  387  386  386  387  385  374  378  381  379  384  387  391  391  390  390  389  390  388  386  384  387  389  387  387  389  392  391  389  390  393  393  393  395  398  399  398  399  399  400  400  399  399  399  400  400  399  400  398  400  399  398  399  398  399  399  397  397  398  399  398  398  397  397  399  398  398  396  396  398  397  397  397  397  397  396  396  396  396  397  396  395  396  396  396  395  396  395  396  396  396  395  395  395  395  395  394  395  395  395  395  395  394  395  394  395  394  394  395  394  395  395  395  394  395  396  325  380  388  391  393  392  392  392  392  393  393  392  392  78
   26   26
   32  32  32  32  32  32  31  32  33  32  31  32  33  33  32  32  32  32  33  32  32  32  33  32  32  32  32  32  31  32  32  33  32  32  32  32  33  32  32  32  33  32  32  32  32  32  31  32  32  32  32  31  32  32  32  32  32  32  32  32  32  32  32  32  32  32  32  32  32  32  32  32  32  33  32  32  32  32  33  33  33  31  31  32  32  32  32  32  32  32  32  31  31  32  32  33  32  32  32  32  32  32  32  32  32  32  32  31  32  32  32  32  32  32  32  33  32  32  32  33  32  32  32  36  32  32  32  32  31  32  32  32  32  32  32  32  5
   384  384  384  384  385  385  384  385  386  385  385  385  383  373  377  379  378  383  385  389  389  389  389  387  389  386  384  382  385  388  385  385  387  390  389  388  388  391  392  391  393  396  397  396  397  397  398  398  397  397  397  398  397  397  397  396  398  397  396  397  396  397  397  395  396  396  397  396  396  395  395  397  396  396  394  394  396  395  395  395  395  395  394  395  394  394  395  394  394  394  394  394  393  394  393  394  394  394  393  394  393  393  393  393  393  393  393  393  393  393  393  392  393  393  393  393  392  393  393  393  393  393  394  321  379  386  389  391  391  391  391  391  391  391  390  391  78
   27   27
   31  31  31  31  32  31  30  32  32  31  30  31  32  32  31  31  31  32  32  31  31  32  32  32  31  31  31  32  30  32  32  32  31  31  31  31  32  31  31  31  32  31  31  31  31  31  30  31  32  31  32  30  31  31  32  31  31  31  31  32  31  31  32  31  32  32  31  31  32  31  31  31  31  32  32  31  31  31  32  32  32  30  31  32  32  32  31  31  31  32  32  30  30  32  31  32  31  31  31  32  31  31  31  31  32  32  32  30  31  32  32  31  31  31  32  32  31  31  31  32  32  31  31  33  31  32  31  31  30  31  31  32  32  31  31  31  6
   383  382  382  382  383  384  382  383  384  383  383  384  381  372  375  378  376  381  383  387  388  388  388  386  387  385  383  381  384  386  384  384  385  388  388  386  386  390  390  390  392  395  396  395  396  395  396  396  395  395  396  396  396  395  395  394  396  395  394  395  394  396  395  394  394  394  395  394  394  393  393  395  394  394  392  392  394  393  394  394  393  393  392  393  393  392  393  393  392  392  392  392  391  392  391  392  392  392  391  392  391  391  392  391  391  391  391  391  391  391  391  390  392  391  391  391  391  391  391  391  391  391  392  316  378  385  388  390  389  389  389  389  389  389  388  389  80
   28   28
   32  32  32  32  32  32  31  32  33  32  31  32  33  33  32  32  32  33  33  32  32  32  34  32  32  33  33  34  31  32  33  34  32  33  32  32  32  32  32  32  34  32  32  32  32  32  32  32  32  31  32  31  32  32  32  32  32  32  32  32  31  32  32  32  33  33  32  32  34  33  32  32  32  33  32  33  32  31  32  33  34  32  31  33  32  33  32  32  32  33  32  32  31  32  33  33  32  32  32  34  32  33  32  32  32  32  32  31  32  33  33  32  33  31  32  33  32  32  33  32  32  32  32  36  32  32  32  32  31  32  32  32  33  32  32  32  7
   383  383  383  383  383  384  383  384  384  383  384  384  382  373  377  379  378  383  385  389  389  389  389  387  388  386  384  382  385  388  385  385  386  390  389  388  388  391  391  391  393  396  397  396  397  396  398  398  396  396  397  397  397  396  397  395  397  396  395  396  395  397  396  395  395  395  396  395  395  394  394  396  395  395  393  393  395  394  395  394  394  394  393  394  393  393  394  393  393  393  393  393  392  393  392  393  393  393  392  392  392  392  392  392  392  392  392  392  392  392  392  391  392  391  392  392  391  392  392  392  392  392  393  313  379  385  388  390  389  390  390  390  390  390  389  390  82
   29   29
   33  33  34  34  34  33  33  34  34  33  32  33  34  34  32  33  33  34  33  33  34  34  34  34  33  33  34  34  32  33  34  34  33  33  33  33  33  33  33  33  34  33  33  33  33  33  32  33  34  33  33  32  33  34  34  33  33  33  33  34  33  33  34  34  34  34  32  33  34  34  33  33  34  34  34  33  32  33  34  34  34  32  33  34  34  34  33  33  33  34  34  32  33  34  34  34  33  33  33  34  34  33  33  33  34  34  33  32  34  34  34  33  33  33  34  34  33  33  34  34  34  34  33  30  33  34  34  33  33  34  33  34  34  33  34  33  6
   381  381  381  381  381  382  381  382  382  381  381  382  380  371  374  377  376  381  382  386  386  387  387  384  386  384  382  380  383  385  383  383  384  387  387  386  386  389  389  389  391  394  395  394  395  394  396  396  394  394  395  395  395  394  394  393  395  394  393  394  393  395  394  393  393  393  394  393  393  392  392  394  392  393  391  391  393  391  392  392  392  392  391  391  391  391  392  391  390  391  390  390  390  391  390  390  390  391  390  390  390  390  390  389  390  390  390  389  389  389  390  389  390  389  389  390  389  390  390  390  389  389  391  308  377  383  386  388  387  388  387  388  387  388  387  387  84
   30   30
   36  35  35  35  36  36  35  36  36  35  36  36  36  35  35  36  35  35  36  37  36  35  35  35  36  35  35  35  35  36  36  36  36  36  35  35  36  36  36  35  36  36  36  35  35  35  36  36  36  35  36  36  36  35  35  35  36  35  35  35  35  36  36  35  35  35  36  36  35  35  35  36  36  36  35  35  36  35  35  36  36  36  35  35  35  35  36  36  35  35  35  36  36  36  35  36  36  36  35  35  35  36  36  35  35  35  36  36  36  35  35  35  36  35  35  36  35  36  36  36  35  35  36  29  35  35  34  36  36  35  34  35  36  36  35  35  7
   380  379  380  380  380  381  380  381  381  380  380  381  379  371  373  376  375  380  381  385  385  386  385  383  384  382  381  379  381  384  382  382  383  386  385  384  384  388  388  388  390  393  394  393  394  393  395  395  393  394  394  394  394  393  393  393  394  393  392  393  392  393  393  392  392  392  393  392  392  391  391  393  391  392  390  390  391  390  391  391  391  391  390  390  390  389  391  390  389  390  389  389  389  389  389  389  389  390  389  389  389  388  389  388  389  388  389  388  388  388  389  388  389  388  388  389  388  389  389  389  388  388  389  304  376  382  385  387  386  386  386  386  386  386  385  386  87
   31   31
   37  35  35  35  36  37  35  36  36  36  37  37  36  37  36  37  36  36  37  38  36  35  36  36  37  36  35  37  37  32  37  37  37  37  36  36  37  38  37  36  36  38  37  36  36  36  37  37  36  36  36  37  36  36  36  36  37  36  36  36  37  37  36  36  36  36  37  36  36  36  35  37  36  37  36  36  37  35  36  37  36  37  36  36  36  36  37  37  36  37  36  36  36  36  36  37  37  37  36  36  36  37  37  36  36  36  37  36  36  36  37  36  37  35  36  37  35  37  36  36  36  35  37  30  36  36  36  37  36  36  35  35  36  37  36  36  9
   379  378  378  379  379  380  378  379  380  379  379  380  378  370  372  375  374  379  380  384  383  387  386  381  383  380  380  377  380  382  380  380  382  385  384  383  383  387  387  387  389  392  392  392  393  392  393  394  392  392  393  393  393  391  392  391  393  392  391  392  391  392  392  390  390  391  392  391  390  389  390  391  390  390  389  389  390  389  390  389  389  389  389  389  389  388  389  389  388  388  388  388  388  388  387  388  388  388  387  388  388  387  388  387  387  388  387  387  387  387  388  386  388  387  387  387  386  388  387  387  387  387  388  302  375  380  383  385  385  385  386  387  385  385  384  385  87
   32   32
   31  31  36  36  31  31  30  37  37  36  31  31  37  37  31  31  37  37  31  31  37  36  36  37  31  36  36  37  30  32  37  37  31  31  36  37  32  31  31  37  37  31  31  37  37  31  31  31  37  37  31  31  31  37  37  31  31  31  36  37  31  31  38  36  36  37  31  37  37  36  37  31  37  37  37  37  31  31  37  37  37  31  30  37  36  36  31  31  36  37  37  31  31  37  36  37  31  32  36  37  36  31  31  36  36  37  32  31  37  37  37  31  31  37  36  37  37  31  38  37  36  37  31  29  37  36  36  31  31  37  35  36  37  31  36  34  28
   381  380  380  380  380  382  380  381  381  380  381  381  380  372  374  377  376  381  382  386  386  387  387  383  384  383  381  379  381  383  382  382  381  385  385  384  383  387  387  387  389  392  392  392  393  392  394  394  392  393  393  394  393  392  393  392  394  393  392  393  392  394  393  392  392  392  393  392  392  391  391  393  391  392  390  390  392  390  391  391  390  391  389  390  390  389  391  390  390  390  389  390  389  390  388  389  389  389  389  389  389  389  389  388  388  389  389  388  388  388  389  388  389  388  388  389  388  389  388  389  388  388  390  302  375  382  384  386  385  386  387  387  386  386  385  386  87
   33   33
   32  32  32  32  32  32  31  32  32  32  31  32  32  32  32  32  32  32  33  32  32  32  32  32  32  32  32  32  31  32  32  33  32  32  32  32  33  32  32  32  32  32  32  32  32  32  31  32  32  31  32  32  32  32  32  32  32  32  32  32  31  32  32  32  32  32  32  32  32  32  32  32  32  32  32  32  32  31  32  32  33  31  31  32  32  32  32  32  31  32  32  31  31  32  32  32  32  32  32  32  32  32  32  31  32  32  32  31  32  32  32  32  32  32  32  32  32  32  32  32  32  32  32  38  32  32  32  32  31  32  31  32  32  32  32  31  6
   388  387  387  388  388  389  387  388  388  388  388  388  386  377  381  384  383  387  390  393  394  393  393  392  393  391  390  388  391  393  391  391  393  395  395  393  394  397  397  397  399  402  403  401  402  402  404  403  403  402  402  403  402  402  402  400  402  402  400  401  400  401  401  399  399  399  400  399  400  399  399  400  399  399  397  398  399  398  399  398  399  399  398  398  397  397  399  398  397  397  397  397  396  397  397  398  398  398  397  397  396  397  397  396  396  396  397  396  396  396  396  396  397  396  396  397  396  397  397  397  397  397  398  329  383  390  394  395  394  394  394  394  395  395  393  395  76
   34   34
   32  32  32  32  32  32  32  33  33  32  32  32  33  33  32  32  32  32  33  32  32  34  33  34  32  32  32  32  32  32  33  33  32  32  32  32  33  32  32  32  33  32  32  32  32  32  32  32  33  32  32  32  32  32  32  32  33  32  32  32  31  32  33  32  32  32  32  32  32  32  32  33  32  33  33  32  32  32  33  33  32  32  32  33  33  32  32  32  32  33  32  32  32  33  32  33  32  33  32  33  32  32  32  32  32  32  33  32  32  33  33  32  33  32  32  33  32  32  33  33  32  32  33  42  32  32  34  33  32  33  34  34  35  32  32  32  10
   387  387  387  387  388  388  387  388  388  388  388  388  386  377  381  384  383  387  390  393  393  393  393  392  393  391  389  388  391  393  391  390  392  395  394  393  394  397  397  397  399  402  402  401  402  402  403  403  402  401  402  402  402  401  402  400  402  401  400  400  400  401  400  399  399  399  400  399  399  399  399  400  399  399  398  397  399  398  399  398  398  398  397  398  397  397  398  398  397  397  397  397  396  397  397  397  397  397  397  397  397  397  397  396  396  396  397  396  396  396  396  396  397  396  396  397  396  397  397  397  397  397  398  328  384  391  393  395  394  395  395  395  394  394  394  394  76
   35   35
   39  38  38  38  39  38  38  39  39  38  38  39  39  39  39  39  39  39  39  39  38  38  38  38  39  38  38  38  38  39  39  39  39  39  38  38  39  39  38  38  39  39  39  38  38  38  38  38  39  38  39  38  38  38  38  38  39  38  38  38  38  39  39  38  38  39  38  38  38  38  38  39  38  39  38  38  38  38  39  39  39  38  38  38  38  38  39  39  38  39  38  38  38  39  38  39  38  39  38  38  38  39  38  38  38  38  39  38  38  38  39  38  39  38  38  39  38  38  39  39  38  38  39  41  39  38  38  39  38  38  38  38  39  38  38  38  5
   387  387  387  387  388  389  387  388  388  388  388  388  387  378  382  385  384  388  391  394  393  394  394  392  393  391  390  388  392  394  391  391  393  396  395  394  394  398  398  397  399  402  402  401  402  402  403  403  402  401  402  402  402  401  401  400  402  401  400  400  399  401  400  399  399  399  400  399  399  398  398  400  398  399  397  397  399  398  398  398  398  398  397  398  397  397  398  397  397  397  397  397  396  397  397  397  397  397  397  397  397  397  397  396  396  396  397  396  396  396  396  396  397  396  396  397  396  397  397  397  397  397  398  326  383  390  393  395  394  394  394  394  394  394  393  394  76
   36   36
   39  39  40  40  40  39  33  34  41  40  33  39  34  41  34  34  40  41  41  39  39  40  41  40  39  39  40  40  40  39  41  41  34  39  40  40  41  39  39  40  41  34  39  39  39  40  39  39  34  33  34  33  39  40  40  40  39  39  40  40  40  39  39  40  40  40  39  39  40  40  40  40  39  41  40  40  39  39  41  41  41  39  38  40  40  40  39  39  40  41  40  40  38  34  40  41  40  39  40  40  40  40  39  40  40  40  41  39  39  40  41  40  39  39  40  41  40  39  39  41  40  40  40  39  40  40  40  34  38  39  40  40  41  39  39  39  19
   387  386  387  387  387  388  387  388  388  387  387  388  386  378  382  385  384  388  391  394  394  394  394  392  393  391  390  388  392  394  391  391  393  396  395  394  394  398  398  397  399  402  402  401  402  401  403  402  402  401  401  402  401  401  401  400  401  400  399  400  399  400  400  398  399  399  399  398  398  398  398  399  398  398  397  397  398  397  398  398  398  398  397  397  397  397  398  397  396  397  396  397  396  397  396  397  397  397  396  397  396  396  396  396  396  396  396  396  396  396  396  395  396  395  396  397  396  397  396  396  396  396  397  322  383  389  392  395  393  394  393  394  394  394  393  394  78
   37   37
   35  35  41  41  41  35  35  41  42  41  35  36  42  42  35  35  41  41  42  36  41  41  41  41  41  41  41  41  35  41  41  42  35  36  41  41  42  35  41  41  42  36  36  35  41  41  35  35  41  41  41  35  35  41  41  41  35  35  40  41  41  35  41  41  41  41  35  35  41  41  41  36  35  41  41  41  35  40  41  41  41  35  40  41  41  41  35  35  40  41  41  35  35  41  41  41  35  36  41  41  40  41  35  40  41  41  41  35  41  41  41  41  41  40  41  41  41  35  41  41  41  41  36  37  41  40  41  41  35  41  40  41  41  35  40  39  26
   386  385  386  386  386  387  386  387  387  386  386  387  386  378  382  385  384  388  391  394  393  393  393  392  392  391  389  388  391  393  391  391  393  395  394  393  394  397  397  397  399  401  401  400  401  401  402  401  401  400  401  401  400  400  400  399  400  399  399  399  398  399  399  398  398  398  398  398  398  397  397  398  397  397  396  396  397  396  397  397  397  397  396  396  396  396  397  396  395  396  395  396  395  396  395  396  396  396  395  396  395  395  395  395  395  395  395  395  395  395  395  394  396  395  395  396  395  396  395  395  395  395  396  318  383  388  391  394  393  393  393  393  393  393  392  393  80
   38   38
   0  0  0  0  0  0  0  0  0  0  0  0  0  0  0  0  0  0  0  0  0  0  0  0  0  0  0  0  0  0  0  0  0  0  0  0  0  0  0  0  0  0  0  0  0  0  0  0  0  0  0  0  0  0  0  0  0  0  0  0  0  0  0  0  0  0  0  0  0  0  0  0  0  0  0  0  0  0  0  0  0  0  0  0  0  0  0  0  0  0  0  0  0  0  0  0  0  0  0  0  0  0  0  0  0  0  0  0  0  0  0  0  0  0  0  0  0  0  0  0  0  0  0  0  0  0  0  0  0  0  0  0  0  0  0  0  0
   0  0  0  0  0  0  0  0  0  0  0  0  0  0  0  0  0  0  0  0  0  0  0  0  0  0  0  0  0  0  0  0  0  0  0  0  0  0  0  0  0  0  0  0  0  0  0  0  0  0  0  0  0  0  0  0  0  0  0  0  0  0  0  0  0  0  0  0  0  0  0  0  0  0  0  0  0  0  0  0  0  0  0  0  0  0  0  0  0  0  0  0  0  0  0  0  0  0  0  0  0  0  0  0  0  0  0  0  0  0  0  0  0  0  0  0  0  0  0  0  0  0  0  0  0  0  0  0  0  0  0  0  0  0  0  0  0
   39   39
   40  39  39  39  40  40  39  40  40  39  39  40  40  40  39  40  40  40  40  40  40  40  40  40  40  39  39  40  39  40  40  40  40  40  39  40  40  40  40  40  40  40  40  39  40  39  39  40  40  39  40  39  40  40  40  39  40  39  39  40  39  40  40  39  39  40  40  40  40  39  39  40  40  40  40  39  40  39  40  40  40  39  39  40  40  39  40  40  39  40  40  39  39  40  39  40  40  40  39  40  39  40  40  39  40  40  40  39  40  40  40  39  40  39  39  40  40  40  40  40  40  40  40  35  39  39  39  40  39  40  39  40  40  40  39  39  6
   385  384  384  384  385  385  384  385  385  385  385  386  385  377  381  383  383  387  389  392  392  391  391  390  391  389  387  386  389  391  389  389  391  393  393  392  392  395  395  395  397  400  400  399  400  400  401  401  400  399  400  400  400  399  399  398  400  399  397  398  397  399  398  396  397  397  397  397  396  396  396  397  396  396  395  395  396  395  396  395  396  395  395  395  394  394  395  395  394  394  394  394  394  394  393  394  394  395  393  394  393  394  394  393  393  393  394  393  393  393  393  393  394  393  393  393  393  394  393  393  393  393  394  314  382  386  389  392  391  390  390  390  391  392  390  392  82
   40   40
   40  40  40  40  40  40  39  40  40  40  39  40  40  40  40  40  40  40  40  40  40  40  40  40  40  40  40  40  39  40  40  40  40  40  39  40  40  40  40  40  40  40  40  40  40  40  39  40  40  39  40  39  40  40  40  40  40  40  39  40  39  40  40  39  40  40  40  40  40  39  40  40  40  40  40  40  40  39  40  40  40  39  39  40  40  40  40  40  39  40  40  39  39  40  39  40  40  40  39  40  39  40  40  39  40  40  40  39  40  40  40  40  40  40  40  40  40  40  40  40  40  40  40  33  40  39  39  40  39  40  39  40  40  40  40  39  7
   384  383  383  384  384  384  383  384  385  384  384  385  384  376  379  382  382  386  388  391  391  391  391  389  390  388  386  385  388  390  388  388  390  392  391  391  391  394  394  394  396  399  399  398  399  398  400  400  399  398  399  399  399  398  399  397  399  398  397  397  396  398  397  396  396  396  397  396  396  395  395  396  395  396  394  394  395  394  395  395  395  394  394  394  394  393  395  394  393  394  393  394  393  394  393  394  393  394  393  393  393  393  393  392  393  393  393  392  392  392  392  392  393  392  392  393  392  393  392  393  392  392  393  310  381  386  389  391  390  390  390  390  390  391  389  391  85
   41   41
   32  32  32  32  32  32  32  32  32  32  32  32  32  32  32  32  32  32  32  32  32  32  32  32  32  31  32  32  31  32  32  32  32  32  31  32  32  32  32  32  32  32  32  32  32  32  32  32  32  31  32  32  32  32  32  32  32  32  31  32  31  32  32  32  32  32  32  32  32  32  32  32  32  32  32  32  32  31  32  32  32  32  32  32  32  32  32  32  31  32  32  32  32  32  31  32  32  33  31  32  31  32  32  31  32  32  32  32  32  32  32  32  32  32  32  32  32  32  32  32  32  32  33  39  32  32  31  32  32  32  31  32  32  32  32  31  6
   389  387  388  388  389  390  388  389  389  389  389  389  386  377  381  384  382  387  391  394  394  393  394  392  394  391  390  388  392  394  391  391  393  396  395  393  394  397  397  397  399  402  403  402  403  403  405  404  403  402  403  404  402  402  402  401  403  401  400  401  401  402  401  400  400  401  401  400  400  399  400  402  400  400  398  399  400  399  399  399  400  400  398  399  398  398  400  399  398  398  398  398  397  398  397  398  399  399  397  398  397  398  398  397  397  397  398  397  396  396  397  397  398  397  397  397  397  398  398  397  397  398  399  329  383  390  394  396  395  395  394  394  395  395  394  395  77
   42   42
   33  32  32  32  33  32  32  33  33  32  32  33  33  33  32  33  33  33  33  33  33  33  33  33  33  32  32  33  32  32  33  33  32  33  32  33  33  33  33  33  33  33  33  32  33  32  32  33  33  32  33  32  32  33  33  32  33  32  32  33  32  33  33  32  33  33  32  33  33  32  32  33  33  33  33  32  32  32  33  33  33  32  32  33  33  32  33  33  32  33  33  32  32  33  32  33  32  33  32  33  32  33  32  32  32  33  33  32  33  33  33  32  33  32  32  33  33  32  33  33  33  33  33  38  33  32  32  33  32  33  32  32  33  33  32  32  6
   388  387  388  388  389  389  388  388  389  388  389  388  387  378  381  384  384  388  391  394  393  393  393  392  394  391  390  388  392  394  391  391  393  396  395  394  394  398  398  397  399  403  403  402  402  402  404  403  403  402  403  403  402  401  402  401  403  401  400  401  400  402  401  399  400  400  401  400  400  399  399  401  399  399  398  398  400  398  399  399  399  399  398  398  398  398  399  398  397  398  398  398  397  398  397  398  398  398  397  397  397  398  397  396  397  397  397  397  396  397  397  396  398  397  397  397  397  398  397  397  397  397  399  327  384  390  393  396  395  394  394  394  395  395  393  395  77
   43   43
   35  35  35  35  35  35  34  35  35  35  34  35  35  35  35  35  35  35  35  35  35  35  35  35  35  35  35  35  34  35  35  35  35  35  34  35  35  35  35  35  35  35  35  35  35  35  34  35  35  34  35  34  35  35  35  35  35  35  34  35  35  35  35  34  35  35  35  35  35  35  35  35  35  35  35  35  35  34  35  35  35  34  34  35  35  35  35  35  34  35  35  34  34  35  34  35  35  35  34  35  34  35  35  34  35  35  35  34  35  35  35  35  35  34  35  35  35  35  35  35  35  35  35  39  35  35  34  35  34  35  34  35  35  35  35  34  5
   388  387  388  388  388  389  387  389  389  388  388  388  387  377  382  385  383  388  391  394  395  395  395  393  394  392  390  388  392  394  392  391  393  396  395  394  394  398  398  397  400  402  403  402  403  402  404  403  403  402  402  403  402  402  403  401  402  402  401  402  400  401  401  400  400  400  400  400  401  400  399  400  400  401  399  398  399  399  400  400  399  399  398  399  399  398  399  398  398  399  398  397  397  399  398  398  398  398  398  399  398  397  397  397  398  398  397  396  397  398  398  396  397  397  398  398  396  397  398  398  398  397  398  326  385  391  395  395  395  396  396  396  395  395  395  395  78
   44   44
   35  35  35  35  35  35  34  35  35  34  34  35  35  35  35  35  35  35  35  35  35  35  35  35  35  34  34  35  34  35  35  35  35  35  34  35  35  35  35  35  35  35  35  35  35  34  34  35  35  34  35  34  35  35  35  35  35  35  34  35  34  35  35  34  35  35  35  35  35  34  34  35  35  35  35  34  35  34  35  35  35  34  34  35  35  35  35  35  34  35  35  34  34  35  34  35  35  35  34  35  34  35  35  34  35  35  35  34  35  35  35  35  35  34  35  35  35  35  35  35  35  35  35  38  35  34  34  35  34  35  34  35  35  35  35  34  5
   387  387  387  387  388  388  387  388  388  388  388  388  387  378  382  385  385  389  392  395  394  394  394  393  394  392  390  389  392  394  392  392  394  396  395  394  395  398  398  398  400  403  403  402  403  402  404  403  403  402  402  403  402  402  402  401  402  401  400  401  400  401  401  399  400  400  400  400  399  399  399  400  399  399  398  398  399  398  399  399  399  399  398  398  398  398  399  398  397  398  397  398  397  398  397  398  398  398  397  397  397  397  397  396  397  397  397  397  396  396  397  396  397  396  397  397  396  397  397  397  397  397  398  324  382  390  393  396  395  395  394  393  395  395  393  395  79
   45   45
   36  36  36  36  36  36  35  36  36  35  35  36  36  36  35  36  36  36  36  36  36  36  36  36  36  35  35  36  35  36  36  36  36  36  35  36  36  36  36  36  36  36  36  35  36  35  35  36  36  35  36  35  36  36  36  36  36  36  35  36  35  36  36  35  36  36  36  36  36  35  35  36  36  36  36  35  36  35  36  36  36  35  35  36  36  35  36  36  35  36  36  35  35  36  35  36  35  36  35  36  35  36  36  35  36  36  36  35  36  36  36  35  36  35  36  36  36  36  36  36  36  36  36  36  36  36  35  36  35  36  35  36  36  36  36  35  4
   387  386  387  387  387  388  387  388  388  387  388  388  387  379  382  385  385  389  392  395  394  394  394  393  394  392  390  389  392  394  392  392  394  396  395  394  395  398  398  398  400  403  403  402  403  402  404  403  403  402  402  403  402  401  402  400  402  401  400  401  400  401  400  399  399  399  400  399  399  399  398  400  399  399  398  398  399  398  399  399  399  399  398  398  398  397  399  398  397  398  397  398  397  397  397  397  398  398  397  397  397  397  397  396  397  397  397  396  396  396  397  396  397  396  396  397  396  397  397  397  397  397  398  320  385  390  393  396  395  395  394  395  395  395  394  395  81
   46   46
   38  37  37  37  38  38  37  38  38  37  37  38  38  38  38  38  37  38  38  38  37  37  38  38  38  37  37  38  37  38  38  38  38  38  37  38  38  38  38  37  38  38  38  37  38  37  37  38  38  37  38  37  38  37  38  38  38  37  37  38  38  38  38  37  37  38  38  38  37  37  37  38  38  38  38  37  38  37  38  38  38  37  37  38  38  37  38  38  37  38  38  37  37  38  37  38  38  38  37  37  37  38  38  37  38  38  38  37  38  37  38  37  38  37  37  38  37  38  38  38  38  38  38  38  37  37  37  38  37  37  37  37  38  38  37  37  4
   386  386  386  386  387  387  386  387  387  387  387  387  386  378  381  384  383  387  390  393  393  393  393  392  393  391  389  387  391  393  390  390  392  395  394  393  393  397  397  396  398  401  402  401  402  401  403  402  402  401  401  402  401  400  401  400  401  400  399  400  399  400  400  398  399  399  399  399  398  398  398  399  398  398  397  397  398  397  398  398  398  398  397  397  397  396  398  397  396  397  396  397  396  396  396  396  396  397  396  396  396  396  396  395  395  395  396  395  395  395  395  395  396  395  395  396  395  396  396  396  395  395  397  317  383  389  392  394  393  393  393  393  393  394  392  394  82
   47   47
   39  38  38  38  39  39  38  39  39  38  38  39  39  39  38  39  38  39  39  39  39  38  39  38  39  38  38  39  38  39  39  39  39  39  38  38  39  39  39  38  39  39  39  38  38  38  38  39  39  38  39  38  38  38  38  38  39  38  38  39  38  39  39  38  38  39  39  38  39  38  38  39  39  39  38  38  39  38  39  39  39  38  38  39  38  38  39  39  38  39  38  38  38  39  38  39  38  39  38  38  38  39  38  38  38  38  39  38  38  38  39  38  39  38  38  39  38  39  39  39  38  38  39  34  38  38  38  39  38  38  38  38  39  39  38  38  6
   385  385  385  385  385  386  385  386  386  386  386  386  385  378  381  384  383  387  390  393  392  392  392  391  392  390  388  386  390  392  390  390  392  394  393  392  393  396  396  396  398  401  401  400  401  401  402  402  401  400  401  401  401  400  400  399  401  400  399  399  398  400  399  398  398  398  399  398  398  397  397  399  397  397  396  396  397  396  397  397  397  397  396  396  396  395  397  396  395  395  395  396  395  395  394  395  396  396  395  395  394  395  395  394  394  394  395  395  394  394  394  394  395  394  394  395  394  395  395  395  394  394  396  313  383  388  391  393  392  392  391  392  392  393  391  393  85
   48   48
   39  38  38  38  39  39  38  39  39  38  38  39  39  39  38  39  38  39  39  39  39  39  39  39  39  38  38  39  38  39  39  39  39  39  38  38  39  39  39  39  39  39  39  38  39  38  38  39  39  38  39  38  39  38  38  38  39  38  38  39  38  39  39  38  38  39  39  39  39  38  38  39  39  39  39  38  39  38  39  39  39  38  38  39  38  38  39  39  38  39  39  38  38  39  38  39  38  39  38  39  38  39  39  38  38  39  39  38  39  39  39  38  39  38  38  39  38  39  39  39  39  38  39  33  38  38  38  39  38  39  38  39  39  39  38  38  6
   384  384  384  384  384  385  384  385  385  385  385  385  385  377  379  383  382  386  389  392  391  391  391  390  391  389  387  385  388  390  388  388  390  393  392  391  391  395  395  395  397  400  400  399  400  399  401  401  400  399  400  400  400  399  400  398  400  399  398  398  397  399  398  397  397  397  398  397  397  396  396  397  396  397  395  395  396  395  396  396  396  395  395  395  395  394  396  395  394  395  394  394  394  394  394  394  394  395  394  394  393  394  394  393  393  393  393  393  393  393  393  392  394  393  393  393  392  394  393  393  393  393  394  310  381  387  389  392  391  391  391  391  391  391  390  392  86
   49   49
   33  33  33  33  33  33  33  33  33  33  32  33  33  33  33  33  33  33  33  33  33  33  33  33  33  33  32  33  32  33  33  33  33  33  33  33  33  33  33  33  34  33  33  33  33  32  32  33  33  32  33  32  33  33  33  33  33  33  33  33  32  33  33  33  33  33  33  33  33  32  33  33  33  33  33  33  33  33  33  33  33  32  33  33  33  33  33  33  32  33  33  32  32  33  32  33  33  33  33  33  32  33  33  32  33  33  33  32  33  33  33  33  33  33  33  33  33  33  33  33  33  33  33  40  33  32  32  33  32  33  32  32  33  33  33  32  7
   389  388  388  389  390  391  388  389  389  389  390  390  387  378  382  385  383  387  391  395  394  394  394  393  394  392  390  388  392  394  391  391  393  396  395  393  395  398  398  397  400  403  403  402  403  403  405  404  403  402  404  405  403  402  403  402  404  402  401  402  402  403  402  400  400  402  402  401  400  400  401  403  400  400  399  400  401  399  400  400  401  401  399  399  399  399  401  399  398  398  399  399  398  398  397  399  400  399  398  398  398  399  399  397  397  397  399  398  397  397  398  398  399  397  397  398  398  399  398  398  398  398  400  329  384  390  394  397  396  395  395  395  396  396  394  396  77
   50   50
   33  33  33  33  33  33  33  33  34  33  33  33  34  33  33  33  33  33  34  33  33  33  33  33  33  33  33  33  32  33  33  34  33  33  33  33  34  33  33  33  34  33  33  33  33  33  33  33  33  33  33  33  33  33  33  33  33  33  33  33  33  33  34  33  33  33  33  33  33  33  33  34  33  34  33  33  33  33  33  33  34  33  33  33  33  33  33  33  33  33  33  33  33  33  33  33  33  34  33  33  33  33  33  33  33  33  34  33  33  33  33  33  34  33  33  33  33  33  34  33  33  33  34  39  33  33  32  33  33  33  32  33  33  33  33  33  6
   389  388  388  389  389  390  388  389  390  389  390  390  388  378  382  385  384  388  391  395  394  394  394  393  394  392  390  389  392  394  392  392  393  396  395  394  395  398  398  398  400  403  403  402  403  403  405  404  404  403  403  404  403  403  403  402  404  402  401  402  401  403  402  400  401  401  402  401  401  400  400  402  400  400  399  399  401  399  400  400  400  400  399  399  399  399  400  399  398  399  398  399  398  398  398  399  399  399  398  398  398  398  398  397  398  398  398  398  397  397  398  397  399  397  397  398  398  399  398  398  398  398  399  328  385  391  394  397  396  395  395  395  396  396  394  396  77
   51   51
   34  34  33  33  34  34  33  34  34  33  33  34  34  34  33  34  34  34  34  34  34  33  34  33  34  33  33  34  33  34  34  34  34  34  33  34  34  34  34  34  34  34  34  33  34  33  33  34  34  33  34  33  34  34  34  33  34  34  33  34  33  34  34  33  33  34  34  34  34  33  33  34  34  34  33  33  34  33  34  34  34  33  33  34  33  33  34  34  33  34  33  33  33  34  33  34  34  34  33  34  33  34  34  33  33  33  34  33  34  34  34  33  34  33  33  34  33  34  34  34  34  33  34  38  33  33  33  34  34  34  33  33  34  34  34  33  6
   388  388  388  388  389  389  388  390  390  389  389  389  388  378  382  385  383  388  391  395  396  396  395  393  394  393  391  388  392  394  392  391  392  396  396  394  394  398  399  398  400  403  404  403  404  402  404  404  404  403  403  403  404  404  404  401  403  403  402  403  401  402  403  401  401  401  401  402  402  401  400  401  401  402  400  399  400  400  401  401  400  400  399  401  400  398  400  399  400  400  398  398  398  400  399  399  398  399  400  399  399  398  398  399  399  399  398  397  399  398  399  397  398  398  399  399  397  398  399  399  399  398  399  326  385  392  395  396  396  397  396  396  396  396  396  396  80
   52   52
   36  35  35  35  35  36  35  36  36  35  35  36  36  35  35  36  35  35  36  36  35  35  35  35  36  35  35  35  35  36  36  36  35  36  35  35  36  36  36  35  36  36  36  35  35  35  35  36  36  35  36  35  36  35  35  35  36  35  35  35  35  36  36  35  35  35  35  35  35  35  35  36  36  36  35  35  35  35  36  36  36  35  35  35  35  35  36  36  35  35  35  35  35  36  35  35  35  36  35  35  35  35  36  35  35  35  36  35  35  35  35  35  36  35  35  36  35  35  36  36  35  35  36  38  35  35  35  36  35  35  34  35  35  36  35  35  5
   388  387  387  387  388  388  387  388  388  388  388  388  387  378  382  385  384  388  391  394  394  394  394  393  394  392  390  388  392  394  391  391  393  396  395  394  395  398  398  397  399  402  403  402  402  402  403  403  402  402  402  402  402  401  402  400  402  401  400  401  400  401  401  399  400  400  400  400  399  399  399  400  399  399  398  398  399  398  399  399  399  399  398  398  398  397  399  398  397  398  397  397  397  397  397  397  398  398  397  397  397  397  397  396  397  397  397  397  396  396  397  396  397  396  396  397  396  397  397  397  397  397  398  322  385  390  393  396  395  395  395  395  395  395  394  395  79
   53   53
   36  36  36  36  36  36  36  36  37  36  36  36  37  36  36  36  36  36  37  36  36  36  37  36  36  36  36  36  35  36  36  37  36  36  36  36  37  36  36  36  37  36  36  36  36  36  36  36  36  36  36  36  36  36  36  36  36  36  36  36  36  36  37  36  36  36  36  36  36  36  36  36  36  37  36  36  36  36  37  37  37  36  36  36  36  36  36  36  36  36  36  36  36  36  36  37  36  36  36  36  36  36  36  36  36  36  37  36  36  36  37  36  36  36  36  37  36  36  36  37  36  36  36  36  36  36  36  36  36  36  36  36  37  36  36  36  3
   387  387  387  387  387  388  387  388  388  388  388  388  387  379  382  385  384  388  391  394  394  394  394  393  394  392  390  388  392  394  391  391  393  396  395  394  395  398  398  398  399  402  403  402  403  402  404  403  402  402  402  402  402  401  402  400  402  401  400  401  400  401  401  399  400  400  400  400  399  399  399  400  399  399  398  398  399  398  399  399  399  399  398  398  398  397  399  398  397  398  397  398  397  398  397  397  398  398  397  397  397  397  397  396  397  397  397  397  396  396  397  396  397  396  396  397  396  397  397  397  397  397  398  319  385  391  393  396  395  395  394  395  395  395  394  395  81
   54   54
   37  37  37  37  37  37  36  37  37  37  36  37  37  37  36  37  37  37  37  37  37  37  37  37  37  36  36  37  36  37  37  37  37  37  36  37  37  37  37  37  37  37  37  36  37  36  36  37  37  36  37  36  37  37  37  37  37  37  36  37  37  37  37  36  37  37  36  37  37  36  36  37  37  37  37  37  36  36  37  37  37  36  36  37  37  37  37  37  36  37  37  36  36  37  36  37  36  37  36  37  36  37  37  36  37  37  37  36  37  37  37  36  37  36  37  37  37  36  37  37  37  37  37  35  36  37  37  37  36  37  36  37  37  37  37  36  4
   387  386  386  386  387  387  386  387  387  387  387  388  387  378  381  384  384  388  390  393  393  393  393  392  393  391  389  387  391  393  391  391  393  395  394  394  394  397  397  397  399  402  402  402  402  402  402  403  402  401  402  402  402  401  401  400  401  401  400  400  400  401  400  399  399  399  400  399  399  398  398  400  399  399  397  397  399  398  398  398  398  398  398  398  397  397  398  398  397  397  397  397  397  397  396  397  397  397  396  396  396  396  397  396  396  396  396  396  396  395  396  395  396  396  395  396  395  396  396  396  396  396  397  315  384  389  392  395  394  394  393  393  394  394  393  394  84
   55   55
   40  39  39  39  40  39  39  39  40  39  39  40  40  40  39  39  39  39  40  40  39  39  39  39  39  39  38  39  39  39  39  40  39  40  39  39  40  39  40  39  40  40  40  39  39  39  39  40  40  39  40  39  39  39  39  39  39  39  38  39  39  39  40  39  39  39  39  39  39  39  39  40  39  39  39  39  39  39  39  39  40  39  39  39  39  39  40  40  38  39  39  39  39  39  38  39  39  40  39  39  38  40  39  39  39  39  40  39  39  39  39  39  40  39  39  39  39  39  40  39  39  39  40  33  39  39  38  40  39  39  38  38  39  39  39  39  7
   385  385  385  385  385  386  385  386  386  385  386  386  385  377  380  383  383  387  389  393  392  392  392  390  391  389  387  386  389  391  389  389  391  394  393  392  392  396  396  395  397  401  401  400  401  400  402  402  401  400  400  401  400  400  400  399  401  400  399  399  398  400  399  398  398  398  399  398  398  397  397  398  397  398  396  396  397  396  397  397  397  396  396  396  396  395  397  396  395  396  395  395  395  395  394  395  395  396  395  395  394  395  395  394  394  394  394  394  394  394  394  393  395  394  394  394  394  395  394  394  394  394  395  311  383  388  391  393  392  392  392  392  392  392  391  393  86
   56   56
   38  38  38  38  38  38  38  38  39  38  38  38  38  38  38  38  38  38  39  39  38  38  39  38  38  38  38  38  37  39  38  38  38  38  38  38  39  38  38  38  38  38  38  38  38  38  38  38  38  38  38  38  38  38  38  38  38  38  38  38  38  38  38  38  38  38  38  38  38  38  38  39  38  39  38  38  38  38  38  38  39  38  38  38  38  38  38  38  38  38  38  38  38  38  38  38  38  39  38  38  38  38  38  37  38  38  39  38  38  38  38  38  38  38  38  39  38  38  38  38  38  38  39  32  38  38  38  38  38  38  38  38  38  38  38  38  6
   384  383  384  384  384  385  384  385  385  384  384  385  384  376  379  382  382  386  388  391  391  391  391  389  390  388  386  384  388  390  388  388  389  392  391  390  390  394  394  394  396  399  399  399  399  399  401  400  400  399  399  400  399  399  399  398  400  398  398  398  397  398  398  396  397  396  397  397  397  396  396  397  396  396  395  395  396  395  396  396  395  395  394  395  394  394  395  394  394  394  394  394  393  394  393  394  394  394  393  394  393  393  394  393  393  393  393  393  393  393  393  392  393  392  392  393  392  393  393  393  392  392  394  308  381  386  389  391  390  391  390  390  390  391  390  391  87
   57   57
   33  33  33  33  33  33  32  33  33  33  32  33  33  33  33  33  33  33  33  33  33  33  33  33  33  33  33  33  32  33  33  33  33  33  33  33  33  33  33  33  33  33  33  33  33  33  32  33  33  33  33  32  33  33  33  33  33  33  33  33  33  33  33  33  33  33  33  33  33  33  33  33  33  33  33  33  33  32  33  33  34  32  32  33  33  33  33  33  32  33  33  32  32  33  33  33  33  33  33  33  32  33  33  32  33  33  33  32  33  33  33  33  33  33  33  33  33  33  33  33  33  33  33  40  33  33  33  33  33  33  32  33  33  33  33  32  6
   389  388  388  388  390  390  388  389  390  389  390  389  387  378  382  385  383  387  391  394  394  393  393  393  394  391  389  388  392  393  391  390  393  396  394  393  394  397  397  397  399  402  403  402  403  402  405  404  403  402  403  404  403  402  402  401  404  402  401  401  401  403  401  400  400  401  402  400  400  400  401  402  400  400  399  400  401  399  400  400  401  401  399  399  399  399  401  399  398  398  398  399  398  398  397  398  399  399  397  398  398  399  399  397  397  397  399  398  397  397  398  397  399  397  397  398  398  399  398  398  398  398  400  329  384  390  394  397  395  395  394  395  396  396  394  396  77
   58   58
   34  34  34  34  35  34  34  35  35  34  34  34  35  35  34  34  34  35  35  34  34  34  35  34  34  34  34  35  34  34  35  35  34  34  34  34  35  34  34  34  35  34  34  34  34  34  34  34  35  34  35  34  34  34  34  34  34  34  34  35  34  34  35  34  34  35  34  34  35  34  34  35  34  35  34  34  34  34  35  35  35  34  34  35  34  34  34  34  34  35  34  34  34  35  34  35  34  35  34  35  34  34  34  34  34  34  35  34  34  34  35  34  34  34  34  35  34  34  35  35  34  34  34  40  34  34  34  35  34  34  34  34  35  34  34  34  6
   389  389  389  389  389  390  390  389  390  390  389  390  388  379  382  385  385  389  390  394  395  394  394  393  395  392  390  389  391  394  391  391  394  397  395  394  395  399  398  398  400  404  403  403  403  403  404  404  404  403  404  403  404  403  403  402  403  403  401  402  401  403  402  400  401  401  402  401  401  400  400  402  400  400  399  399  400  400  400  400  400  400  400  399  399  399  400  400  398  399  399  399  399  398  398  399  399  400  398  398  398  398  399  397  398  398  398  398  398  397  398  397  399  398  398  398  397  398  399  398  398  398  399  326  384  391  394  396  396  395  395  395  396  396  394  396  78
   59   59
   36  36  35  35  36  36  35  36  36  35  35  36  36  36  35  36  35  36  36  36  36  35  36  35  36  35  35  36  35  36  36  36  35  36  35  35  36  36  36  36  36  36  36  35  36  35  35  36  36  35  36  35  36  36  35  35  36  36  35  36  35  36  36  35  35  36  36  36  36  35  35  36  36  36  35  35  35  35  36  36  36  35  35  36  35  35  36  36  35  36  35  35  35  36  35  36  35  36  35  36  35  36  36  35  35  35  36  35  36  36  36  35  36  35  35  36  35  35  36  36  36  35  36  39  35  35  35  36  35  36  35  35  36  36  35  35  5
   387  387  387  387  388  388  387  388  388  388  388  388  386  378  381  384  383  387  390  394  393  393  393  392  393  391  389  387  391  393  390  390  392  395  394  393  393  397  397  396  398  401  402  401  402  401  403  402  402  401  401  402  401  401  401  400  401  400  399  400  399  401  400  399  399  399  400  399  399  398  398  400  399  399  397  397  399  398  398  398  398  398  397  398  397  397  398  397  397  397  397  397  396  397  396  397  397  397  396  397  396  397  397  396  396  396  396  396  396  396  396  395  397  396  396  397  396  397  396  396  396  396  398  323  384  390  393  395  394  394  394  394  394  395  393  394  78
   60   60
   37  37  37  37  37  37  36  37  37  36  36  37  37  37  36  37  37  37  37  37  37  37  37  37  37  36  36  37  36  37  37  37  37  37  36  37  37  37  37  37  37  37  37  36  37  36  36  37  37  36  37  36  37  37  37  37  37  37  36  37  37  37  37  36  37  37  37  37  37  36  36  37  37  37  37  36  37  36  37  37  37  36  36  37  37  36  37  37  36  37  37  36  36  37  36  37  37  37  36  37  36  37  37  36  37  37  37  36  37  37  37  36  37  36  37  37  37  37  37  37  37  37  37  36  37  36  36  37  36  37  36  37  37  37  36  36  4
   386  386  386  386  386  387  386  387  387  387  387  387  386  377  380  383  382  387  390  393  393  392  393  391  392  390  388  386  390  392  390  389  391  394  393  392  393  396  396  396  398  401  401  400  401  400  402  401  401  400  400  401  400  400  400  399  401  399  399  399  398  400  399  398  398  398  399  398  398  397  397  399  398  398  396  396  398  397  397  397  397  397  396  397  396  396  397  396  396  396  396  396  395  396  395  396  396  396  395  396  395  396  396  395  395  395  396  395  395  395  395  394  396  395  395  396  395  396  395  396  395  395  397  319  384  389  392  394  393  393  393  393  393  394  392  393  80
   61   61
   37  37  37  37  37  37  36  37  37  37  36  37  37  37  37  37  37  37  37  37  37  37  37  37  37  37  37  37  36  37  37  37  37  37  37  37  37  37  37  37  37  37  37  37  37  37  36  37  37  37  37  36  37  37  37  37  37  37  37  37  37  37  37  37  37  37  37  37  37  37  37  37  37  38  37  37  37  36  37  37  37  36  36  37  37  37  37  37  37  37  37  36  36  37  37  37  37  37  37  37  37  37  37  36  37  37  37  36  37  37  37  37  37  37  37  38  37  37  37  37  37  37  37  34  37  37  37  37  36  37  37  37  37  37  37  36  4
   387  386  386  386  387  387  386  387  387  387  387  388  386  377  381  384  383  387  390  393  393  393  393  391  392  390  388  387  390  392  390  390  392  395  394  393  393  397  397  396  398  401  402  401  401  401  402  402  401  401  401  401  401  400  401  399  401  400  399  400  399  401  400  398  399  399  400  399  399  398  398  400  398  398  397  397  398  397  398  398  398  398  397  397  397  396  398  397  396  397  396  397  396  396  396  396  397  397  396  396  396  396  396  395  395  395  396  396  395  395  396  395  396  395  395  396  395  396  396  396  395  395  397  317  384  389  392  395  394  394  393  393  394  394  393  394  82
   62   62
   37  37  37  37  37  37  36  37  37  37  37  37  37  37  37  37  37  37  37  37  37  37  37  37  37  36  36  37  36  37  37  37  37  37  36  37  37  37  37  37  37  37  37  37  37  37  37  37  37  36  37  37  37  37  37  37  37  37  36  37  37  37  37  36  37  37  37  37  37  36  37  37  37  37  37  37  37  36  37  37  37  36  36  37  37  37  37  37  36  37  37  36  36  37  36  37  37  37  36  37  36  37  37  36  37  37  37  36  37  37  37  37  37  37  37  37  37  37  37  37  37  37  37  32  37  36  36  37  36  37  36  37  37  37  36  36  5
   385  384  385  385  385  386  385  385  386  385  386  386  385  376  379  383  382  386  388  392  391  391  391  390  391  389  387  385  388  391  388  388  390  393  392  391  392  395  395  395  397  400  400  399  400  400  401  401  400  399  400  400  400  399  400  398  400  399  398  399  398  399  399  397  397  397  398  398  397  397  397  398  397  397  396  396  397  396  397  397  396  396  395  396  395  395  396  396  395  395  395  395  394  395  394  395  395  395  394  395  394  394  395  394  394  394  394  394  394  394  394  393  395  394  394  394  393  395  394  394  394  394  395  312  382  388  391  393  392  392  392  392  392  392  391  392  85
   63   63
   36  36  36  36  36  36  35  36  37  36  36  36  37  36  36  36  36  36  36  36  36  36  37  36  36  36  36  36  35  36  36  37  36  36  36  36  36  36  36  36  36  36  36  36  36  36  36  36  36  36  36  36  36  36  36  36  36  36  36  36  36  36  36  36  36  36  36  36  36  36  36  36  36  37  36  36  36  36  37  37  37  36  36  36  36  36  36  36  36  37  36  36  35  37  36  37  36  36  36  36  36  36  36  36  36  36  36  35  36  36  37  36  36  36  36  37  36  36  36  37  36  36  36  31  36  36  36  36  35  36  36  36  37  36  36  36  5
   384  383  384  384  384  385  384  384  385  384  384  385  384  376  379  382  381  385  388  391  390  390  390  388  390  388  386  384  387  389  387  387  389  392  391  390  390  394  394  393  395  399  399  398  399  398  400  400  399  399  399  400  399  398  399  397  399  398  397  398  397  398  398  396  396  396  397  397  396  396  395  397  396  396  395  394  396  395  396  395  395  395  394  395  394  394  395  394  394  394  394  394  393  394  393  394  394  394  393  394  393  393  393  393  393  393  393  393  393  393  393  392  393  392  393  393  392  393  393  393  393  392  394  309  381  386  389  391  390  391  390  391  390  391  389  391  86
   64   64
   36  36  36  36  36  36  35  37  37  36  35  36  37  36  35  36  36  36  36  36  36  37  38  36  36  36  37  37  35  36  37  37  36  36  36  36  36  36  36  36  36  36  36  36  36  36  35  36  37  36  36  35  36  36  36  36  36  36  36  36  36  36  36  36  36  36  36  36  37  36  36  36  36  37  37  36  36  36  37  37  37  35  36  37  37  36  36  36  36  37  37  35  35  37  36  37  36  36  36  37  36  36  36  36  37  37  36  35  36  37  37  36  36  36  36  37  36  36  36  37  36  36  36  30  36  36  37  36  35  37  37  37  37  36  36  36  7
   383  382  383  383  383  384  383  384  384  384  384  384  383  376  378  381  381  385  387  390  390  390  390  387  389  387  385  383  386  388  386  386  388  391  390  389  389  393  393  393  395  398  398  397  398  398  399  399  398  398  398  399  398  397  398  397  398  397  397  397  396  398  397  396  396  395  396  396  396  395  395  396  395  396  394  394  395  394  395  395  394  394  393  394  394  393  394  393  393  394  393  393  392  393  393  393  393  393  392  393  393  392  392  392  392  392  392  392  392  392  392  391  393  391  392  393  391  392  392  392  392  391  393  306  380  385  388  390  389  390  390  390  389  390  389  390  88
   3 < bad leads>
   17
   24
   38
 <skipbeat array>
